20780
21314
457
32649
18944
4258
4972
26641
24519
1918
22568
6549
690
1058
6820
29033
27132
24395
19954
29249
22999
16282
3477
26820
5215
15596
17299
25241
22022
5050
9280
21176
22215
142
10859
27437
29245
9054
7555
24789
17175
24723
8242
26801
9705
11254
9076
18463
23060
5152
4961
3695
25887
23265
10147
13750
9473
10623
23189
24364
20999
19697
2455
22641
11669
18322
25189
21311
1742
31581
27319
27556
13367
26473
28293
8813
19507
16583
31557
20758
5445
31215
28837
29214
25474
14581
18592
23260
7289
22125
8432
31525
6682
22415
21078
688
27274
31508
2264
21848
